10382
6941
7590
14399
7555
14404
8963
6384
11500
7447
14797
2862
8972
14013
14295
3446
5403
11811
8079
14385
11666
13412
7641
8832
11560
11608
9432
4579
14347
10742
7898
14022
12346
14603
10414
13695
3435
4150
5106
12111
10892
8703
9007
3389
5665
2499
4501
6066
7881
3769
14939
12473
13231
9853
9878
14543
10034
7817
9281
6241
4174
6203
12818
7247
14933
6669
6393
13334
13983
4765
5347
6963
14582
11681
13842
2418
13789
6646
7622
10076
11269
6213
5557
5798
6078
4565
10191
12658
12691
3448
11834
10371
11001
2566
6214
13236
11698
11178
11801
14353
11930
10792
6809
12009
13239
10202
11057
13646
2856
14984
6451
14885
6436
4604
7247
2881
2319
6180
2143
4080
12764
5416
11189
12937
7359
5161
10908
14570
5920
3675
13577
4865
2124
3265
10342
9632
9147
3825
6879
6417
5157
7783
12516
2024
3540
7222
14879
7879
2711
3438
3471
3741
7609
8376
14521
11699
11192
9673
7269
12605
3582
12542
3956
14185
5732
6493
14208
10210
2958
8081
4939
3512
14714
9002
14151
9593
14016
13301
7298
2708
13564
9148
5375
12390
5963
2212
4096
12343
8457
4739
8981
10586
2568
14317
5447
11979
4766
10647
3220
11039
2911
8372
3334
7790
6563
3355
12068
10623
2917
2629
8211
11791
2703
6046
4674
11123
2279
13304
8170
13663
6733
10315
7394
13945
10681
7034
10623
3569
14791
6791
5041
5004
8745
10968
4737
10846
11337
12055
3525
9906
10019
13027
2864
11420
6076
5155
14663
8512
11048
13171
14208
6904
11706
4961
6462
11349
9169
9511
9225
3102
12490
12491
2358
8732
2453
2396
14644
12888
6552
4196
11823
13006
14691
10636
14446
9949
12551
3306
3182
12102
7820
8981
11117
13161
7944
2612
9174
2049
4094
9505
14263
2283
12435
4451
7791
11395
12178
13986
3769
10089
5300
10394
7266
8350
4204
8630
3697
10531
6203
6110
7863
12659
2030
11884
12272
3865
6745
9079
6042
7154
6571
3280
12577
9269
9214
14014
6798
10689
8131
6298
2683
4760
5248
3378
3184
9292
4070
11623
4218
9970
8187
9935
3107
11673
6178
13970
5304
7812
10736
10121
4264
3176
9564
3602
13935
8402
9806
2571
8163 
   13049
7596
2280
14358
12235
  6166
